+-----------------------------------------------------------------------------------------------------------------------------------------------------------------------------------------------------------------------------------------+
; Legal Partition Candidates                                                                                                                                                                                                              ;
+------------------------------------+-------+----------------+--------------+----------------+--------+-----------------+---------------+-----------------+-------+----------------+--------------+------------------+-------------------+
; Hierarchy                          ; Input ; Constant Input ; Unused Input ; Floating Input ; Output ; Constant Output ; Unused Output ; Floating Output ; Bidir ; Constant Bidir ; Unused Bidir ; Input only Bidir ; Output only Bidir ;
+------------------------------------+-------+----------------+--------------+----------------+--------+-----------------+---------------+-----------------+-------+----------------+--------------+------------------+-------------------+
; ram_inst                           ; 24    ; 4              ; 8            ; 4              ; 0      ; 4               ; 4             ; 4               ; 32    ; 0              ; 0            ; 0                ; 0                 ;
; rom_inst                           ; 22    ; 4              ; 8            ; 4              ; 32     ; 4               ; 4             ; 4               ; 0     ; 0              ; 0            ; 0                ; 0                 ;
; core_inst|datap|writeback_u        ; 97    ; 0              ; 0            ; 0              ; 64     ; 0               ; 0             ; 0               ; 0     ; 0              ; 0            ; 0                ; 0                 ;
; core_inst|datap|execute_u|alu_inst ; 69    ; 0              ; 0            ; 0              ; 33     ; 0               ; 0             ; 0               ; 0     ; 0              ; 0            ; 0                ; 0                 ;
; core_inst|datap|execute_u          ; 170   ; 0              ; 7            ; 0              ; 64     ; 0               ; 0             ; 0               ; 0     ; 0              ; 0            ; 0                ; 0                 ;
; core_inst|datap|decode_u|reg_file  ; 49    ; 0              ; 0            ; 0              ; 64     ; 0               ; 0             ; 0               ; 0     ; 0              ; 0            ; 0                ; 0                 ;
; core_inst|datap|decode_u           ; 101   ; 0              ; 6            ; 0              ; 96     ; 0               ; 0             ; 0               ; 0     ; 0              ; 0            ; 0                ; 0                 ;
; core_inst|datap|fetch_u            ; 101   ; 0              ; 0            ; 0              ; 128    ; 0               ; 0             ; 0               ; 0     ; 0              ; 0            ; 0                ; 0                 ;
; core_inst|datap                    ; 22    ; 1              ; 0            ; 1              ; 46     ; 1               ; 1             ; 1               ; 32    ; 0              ; 0            ; 0                ; 0                 ;
; core_inst|cu                       ; 15    ; 3              ; 1            ; 3              ; 20     ; 3               ; 3             ; 3               ; 0     ; 0              ; 0            ; 0                ; 0                 ;
; core_inst                          ; 2     ; 16             ; 0            ; 16             ; 34     ; 16              ; 16            ; 16              ; 32    ; 0              ; 0            ; 0                ; 0                 ;
; clk_unit                           ; 52    ; 0              ; 18           ; 0              ; 1      ; 0               ; 0             ; 0               ; 0     ; 0              ; 0            ; 0                ; 0                 ;
; chip_sel                           ; 16    ; 2              ; 0            ; 2              ; 5      ; 2               ; 2             ; 2               ; 0     ; 0              ; 0            ; 0                ; 0                 ;
+------------------------------------+-------+----------------+--------------+----------------+--------+-----------------+---------------+-----------------+-------+----------------+--------------+------------------+-------------------+
